2.217204088248436733e-03
2.140500156796676379e-03
2.066875475508211935e-03
1.996198274797578165e-03
1.928341652357445923e-03
1.863184111959625966e-03
1.800608957951865818e-03
1.740504591731806272e-03
1.682763970434209000e-03
1.627284634279746456e-03
1.573968708113326898e-03
1.522722647271379515e-03
1.473456956931684658e-03
1.426086054918229706e-03
1.380528404494540951e-03
1.336706015864663755e-03
1.294544523334550945e-03
1.253972763420208025e-03
1.214923032355486043e-03
1.177330604717141682e-03
1.141133585770504055e-03
1.106273259649626084e-03
1.072693105117039636e-03
1.040339636427134451e-03
1.009161559968774213e-03
9.791099709968165143e-04
9.501381250611729001e-04
9.222016164631696711e-04
8.952578219076912092e-04
8.692660669940011076e-04
8.441876666278602670e-04
8.199856708959174512e-04
7.966245472434962949e-04
7.740705923975355063e-04
7.522915790563189375e-04
7.312566244319640418e-04
7.109362513713080034e-04
6.913024111288024187e-04
6.723279912765889321e-04
6.539873484729952224e-04
6.362558795895978392e-04
6.191100717405362275e-04
6.025273439167477818e-04
5.864861210422844806e-04
5.709659160633151487e-04
5.559469254503568436e-04
5.414101677825300385e-04
5.273376781946836900e-04
5.137120462972433188e-04
5.005167949985178666e-04
4.877358904824546926e-04
4.753542299713586772e-04
4.633571049854623425e-04
4.517306183391411878e-04
4.404612932784601753e-04
4.295362693138571331e-04
4.189432871140041925e-04
4.086703364496457880e-04
3.987063363144471850e-04
3.890401203587856571e-04
3.796613074324994841e-04
3.705600057219982091e-04
3.617263709205786881e-04
3.531512716943296937e-04
3.448257256248865588e-04
3.367411956443078225e-04
3.288895260755708705e-04
3.212627997744021968e-04
3.138535063538228087e-04
3.066541099077113586e-04
2.996578666998317431e-04
2.928578566017137064e-04
2.862476652989442982e-04
2.798209987400213095e-04
2.735718914497198284e-04
2.674945013776408587e-04
2.615833781494103505e-04
2.558330759026006263e-04
2.502383984559486407e-04
2.447943882426528717e-04
2.394963169383146351e-04
2.343395065889097850e-04
2.293194815141674781e-04
2.244319971449471041e-04
2.196730090613385755e-04
2.150382835406361437e-04
2.105241748449060424e-04
2.061269855051506283e-04
2.018429782939534789e-04
1.976688209115451400e-04
1.936011917447189035e-04
1.896369103899786523e-04
1.857727265441866393e-04
1.820057218839821189e-04
1.783330118865222857e-04
1.747517367771678209e-04
1.712592984137728536e-04
1.678530739805950134e-04
1.645305194823976080e-04
1.612892129880805214e-04
