7.853981633974482790e-01
2.146018366025517210e-01
8.656684233720501886e-02
3.570431355985437261e-02
1.477848342144660876e-02
6.120687502820354453e-03
2.535217728716010477e-03
1.050117726111632344e-03
4.349727312972229143e-04
1.801715851682539338e-04
7.462951275238882687e-05
3.091255623732802604e-05
1.280440003426086548e-05
5.303756151930905105e-06
2.196887729510876852e-06
9.099806926871067958e-07
3.769263443587078655e-07
1.561280038586687624e-07
6.467033653034803820e-08
2.678733057592808109e-08
1.109567560053648094e-08
4.595979263832816741e-09
1.903716961848544997e-09
7.885455621803316717e-10
3.266262815770915040e-10
1.352929990261486637e-10
5.604006148018925160e-11
2.321276504346769798e-11
9.614975482463705703e-12
3.982814078540286573e-12
